low_PU = [22, 77, 43]./255;
high_PU = [156, 196, 156]./255;
mid_PU = [71, 142, 104]./255;

light_gray = [184, 184, 184]./255;
mid_gray = [86,86,86]./255;
dim_gray = [93, 91, 91]./255;

cream_dots = [244, 240, 240]./255;
reg_color = [100, 119, 104]./255;

mix_high = [63, 63, 63]./256;
mix_low = light_gray;

perc_low = [220, 215, 215]./255;%[165, 171, 206]./255;
perc_high = [126, 106, 105]./255;%[30, 30, 91]./255;

mix = mix_high;
perc = perc_high;
rew = [58, 91, 72]./255;

cat_lowPU = [77, 142, 155]./255;
cat_highPU = [158, 190, 197]./255;

dist_lowPU = [66, 66, 66]./255;
dist_highPU = [195, 195, 195]./255;

rew = [18, 68, 138]./255;
perc = [77, 124, 168]./255;
mix = [127, 149, 179]./255;

gray_dots = [220, 220, 220]./255;
dots_edges = [184, 184, 184]./255;

binned_dots = [186, 225, 218]./255;
barface_green = [100, 119, 104]./255;

color_screen = [211,211,211]/255; % gray for trial screen
pu_box = [178, 207, 204]./255; % green for pu boxes
gray_arrow = [0.5 0.5 0.5 0.85]; % gray for arrows
fb_green = [34,139,34]/255; % green for feedback text

lowsal_colors = [210, 226, 227]/255; % light green
highsal_colors = [118, 140, 141]/255; % dark green

fits_colors = [117, 159, 199]/255; % light blue
darkblue_muted = [37, 84, 156]/255;

blue_colormap = [darkblue_muted; fits_colors; cream_dots];